k scan ll b0 s2a s2e s2z1 s2z2
2 1 -3948.324 -3.339 2.181 0 0.2 0.166
2 2 -3948.367 -2.903 1.882 0 0.174 0.179
2 3 -3947.69 -3.249 2.226 0 0.176 0.195
2 4 -3947.865 -3.531 2.313 0 0.198 0.169
2 5 -3946.67 -3.387 1.699 0 0.179 0.177
2 6 -3946.754 -3.052 2.05 0 0.167 0.159
2 7 -3946.614 -3.718 2.236 0 0.183 0.151
2 8 -3947.542 -3.423 2.579 0 0.211 0.153
2 9 -3945.891 -3.673 2.062 0 0.204 0.181
2 10 -3946.801 -3.63 2.512 0 0.2 0.174
2 11 -3946.058 -3.249 2.187 0 0.22 0.167
2 12 -3945.6 -2.724 2.077 0 0.194 0.182
2 13 -3944.162 -3.715 2.598 0 0.2 0.179
2 14 -3941.733 -3.294 2.259 0 0.167 0.179
2 15 -3943.137 -3.28 1.988 0 0.22 0.17
2 16 -3941.17 -3.526 1.8 0 0.162 0.174
2 17 -3939.313 -3.323 1.734 0 0.169 0.19
2 18 -3939.551 -3.344 2.725 0 0.246 0.18
2 19 -3935.98 -3.421 1.669 0 0.221 0.171
2 20 -3936.802 -4.001 2.318 0 0.177 0.153
2 21 -3936.223 -3.89 2.253 0 0.184 0.145
2 22 -3935.29 -3.288 2.65 0 0.219 0.197
2 23 -3934.097 -3.581 2.007 0 0.198 0.206
2 24 -3932.191 -3.89 2.127 0 0.195 0.188
2 25 -3928.526 -3.408 1.971 0 0.278 0.138
2 26 -3929.49 -2.905 2.482 0 0.193 0.164
2 27 -3930.133 -3.16 1.507 0 0.226 0.244
2 28 -3928.617 -3.532 1.988 0 0.19 0.16
2 29 -3926.305 -3.541 1.401 0 0.151 0.192
2 30 -3927.195 -3.432 1.975 0 0.193 0.162
2 31 -3924.22 -3.398 1.731 0 0.171 0.207
2 32 -3924.502 -3.506 1.814 0 0.179 0.179
2 33 -3920.732 -3.528 2.141 0 0.195 0.191
2 34 -3920.29 -3.227 2.368 0 0.135 0.159
2 35 -3913.973 -3.739 2.047 0 0.191 0.165
2 36 -3911.742 -3.918 2.076 0 0.215 0.187
2 37 -3908.254 -3.438 2.043 0 0.189 0.139
2 38 -3903.813 -3.411 1.71 0 0.154 0.132
2 39 -3906.901 -3.376 2.229 0 0.228 0.135
2 40 -3903.192 -3.266 1.978 0 0.166 0.183
2 41 -3901.59 -2.783 1.967 0 0.144 0.132
2 42 -3901.466 -3.229 1.783 0 0.204 0.19
2 43 -3898.91 -3.566 2.505 0 0.198 0.154
2 44 -3896.689 -3.342 2.222 0 0.174 0.147
2 45 -3895.875 -4.071 2.458 0 0.165 0.163
2 46 -3892.967 -3.154 1.743 0 0.167 0.2
2 47 -3895.005 -3.478 2.041 0 0.184 0.153
2 48 -3893.344 -3.546 2.309 0 0.21 0.197
2 49 -3895.44 -3.408 2.782 0 0.175 0.167
2 50 -3890.871 -3.386 2.213 0 0.176 0.136
2 51 -3887.627 -3.678 2.231 0 0.179 0.197
2 52 -3889.472 -3.727 2.054 0 0.158 0.157
2 53 -3888.293 -3.589 2.197 0 0.156 0.15
2 54 -3886.109 -3.51 2.173 0 0.181 0.141
2 55 -3886.571 -3.583 2.286 0 0.174 0.123
2 56 -3882.41 -3.666 2.197 0 0.16 0.146
2 57 -3881.799 -3.059 1.728 0 0.171 0.151
2 58 -3879.356 -3.274 2.116 0 0.141 0.163
2 59 -3876.968 -3.536 1.753 0 0.224 0.184
2 60 -3876.19 -3.4 1.949 0 0.163 0.164
2 61 -3873.724 -3.313 2.001 0 0.145 0.148
2 62 -3875.365 -3.19 2.06 0 0.172 0.14
2 63 -3872.088 -3.468 1.883 0 0.156 0.145
2 64 -3869.371 -3.277 2.545 0 0.155 0.112
2 65 -3865.857 -3.438 2.203 0 0.18 0.16
2 66 -3868.044 -3.728 1.96 0 0.146 0.108
2 67 -3864.834 -3.409 2.243 0 0.203 0.125
2 68 -3861.511 -3.371 2.712 0 0.161 0.13
2 69 -3862.432 -4.025 2.359 0 0.169 0.151
2 70 -3858.678 -3.705 2.362 0 0.184 0.132
2 71 -3855.708 -3.365 1.651 0 0.175 0.127
2 72 -3855.841 -4.007 2.088 0 0.172 0.149
2 73 -3853.645 -3.094 2.026 0 0.192 0.138
2 74 -3856.761 -3.423 2.328 0 0.154 0.115
2 75 -3855.513 -3.246 1.954 0 0.18 0.133
2 76 -3853.191 -3.372 1.949 0 0.14 0.13
2 77 -3853.971 -3.138 2.121 0 0.172 0.12
2 78 -3854.259 -3.273 2.333 0 0.198 0.101
2 79 -3855.471 -3.647 1.941 0 0.153 0.143
2 80 -3856.433 -3.196 1.827 0 0.149 0.098
2 81 -3857.041 -3.152 2.089 0 0.192 0.117
2 82 -3853.824 -3.17 2.342 0 0.147 0.104
2 83 -3853.355 -3.302 2.266 0 0.13 0.109
2 84 -3853.561 -3.339 2.267 0 0.155 0.155
2 85 -3851.146 -3.062 2.344 0 0.188 0.114
2 86 -3852.647 -3.189 2.711 0 0.132 0.112
2 87 -3853.527 -3.744 2.355 0 0.165 0.123
2 88 -3850.746 -2.907 1.907 0 0.138 0.091
2 89 -3850.007 -3.145 2.185 0 0.151 0.089
2 90 -3851.891 -3.281 1.972 0 0.159 0.117
2 91 -3852.908 -3.587 2.415 0 0.13 0.083
2 92 -3851.504 -3.938 2.25 0 0.142 0.108
2 93 -3852.61 -3.395 1.978 0 0.182 0.117
2 94 -3849.508 -3.607 2.333 0 0.147 0.102
2 95 -3846.714 -3.56 2.001 0 0.124 0.102
2 96 -3848.348 -3.807 2.029 0 0.118 0.102
2 97 -3849.444 -3.795 2.16 0 0.148 0.1
2 98 -3847.533 -3.125 2.089 0 0.14 0.096
2 99 -3848.446 -3.429 1.992 0 0.141 0.093
2 100 -3844.617 -3.35 2.93 0 0.167 0.1
2 101 -3842.242 -3.522 1.88 0 0.127 0.093
2 102 -3840.018 -3.357 2.22 0 0.122 0.127
2 103 -3836.825 -3.117 2.32 0 0.171 0.093
2 104 -3829.878 -3.76 1.678 0 0.139 0.085
2 105 -3836.28 -3.754 2.458 0 0.117 0.08
2 106 -3834.152 -3.713 2.105 0 0.157 0.089
2 107 -3834.464 -3.511 2.187 0 0.125 0.093
2 108 -3830.774 -3.419 2.36 0 0.14 0.1
2 109 -3831.228 -3.54 1.975 0 0.157 0.094
2 110 -3830.54 -3.371 1.763 0 0.14 0.089
2 111 -3825.819 -3.02 1.866 0 0.16 0.116
2 112 -3824.413 -3.779 2.229 0 0.123 0.104
2 113 -3821.446 -3.497 2.583 0 0.119 0.078
2 114 -3818.856 -3.662 1.921 0 0.137 0.09
2 115 -3817.712 -3.597 2.036 0 0.155 0.059
2 116 -3814.907 -3.93 1.931 0 0.122 0.092
2 117 -3815.961 -3.852 2.217 0 0.122 0.093
2 118 -3813.759 -3.409 2.123 0 0.114 0.095
2 119 -3818.533 -3.453 2.392 0 0.129 0.095
2 120 -3815.267 -3.608 1.676 0 0.136 0.094
2 121 -3817.415 -3.194 2.369 0 0.126 0.091
2 122 -3813.675 -3.152 1.778 0 0.102 0.088
2 123 -3813.714 -3.607 2.425 0 0.146 0.124
2 124 -3816.173 -3.354 2.207 0 0.13 0.084
2 125 -3813.711 -3.189 2.001 0 0.122 0.076
2 126 -3810.709 -3.728 2.729 0 0.102 0.102
2 127 -3805.922 -3.604 2.397 0 0.128 0.096
2 128 -3808.775 -3.432 2.061 0 0.127 0.088
2 129 -3802.791 -3.507 1.704 0 0.14 0.08
2 130 -3800.462 -3.554 2.493 0 0.125 0.085
2 131 -3801.052 -3.337 2.333 0 0.136 0.064
2 132 -3799.9 -3.934 1.975 0 0.14 0.065
2 133 -3802.53 -3.939 1.923 0 0.135 0.081
2 134 -3796.003 -3.285 2.218 0 0.119 0.07
2 135 -3798.702 -3.686 1.879 0 0.105 0.072
2 136 -3795.631 -3.552 1.902 0 0.107 0.084
2 137 -3799.909 -3.325 2.17 0 0.107 0.06
2 138 -3798.356 -3.758 2.216 0 0.121 0.079
2 139 -3796.729 -3.026 1.735 0 0.134 0.08
2 140 -3795.676 -3.699 2.261 0 0.115 0.068
2 141 -3792.065 -3.182 2.907 0 0.1 0.07
2 142 -3791.231 -3.186 1.69 0 0.116 0.077
2 143 -3791.402 -3.236 2.095 0 0.12 0.068
2 144 -3794.831 -3.323 1.962 0 0.122 0.077
2 145 -3797.286 -4.014 2.095 0 0.134 0.079
2 146 -3796.651 -3.717 2.468 0 0.109 0.068
2 147 -3797.716 -3.069 2.571 0 0.101 0.071
2 148 -3797.839 -3.161 1.891 0 0.113 0.058
2 149 -3797.163 -3.619 2.024 0 0.121 0.074
2 150 -3799.235 -4.26 1.901 0.001 0.1 0.063
2 151 -3802.781 -3.326 2.588 0.001 0.103 0.078
2 152 -3797.727 -3.585 2.197 0.001 0.106 0.073
2 153 -3794.391 -3.67 2.027 0.001 0.101 0.065
2 154 -3793.496 -3.567 1.747 0.001 0.099 0.075
2 155 -3791.124 -4.127 2.41 0.001 0.085 0.058
2 156 -3785.309 -3.27 2.973 0.001 0.119 0.069
2 157 -3788.195 -3.237 2.421 0.001 0.088 0.065
2 158 -3786.548 -3.287 2.433 0.001 0.105 0.055
2 159 -3784.218 -3.836 2.249 0.001 0.119 0.073
2 160 -3789.293 -3.588 2.473 0.001 0.112 0.06
2 161 -3786.563 -3.481 1.609 0.001 0.109 0.064
2 162 -3783.567 -3.669 1.872 0.001 0.094 0.07
2 163 -3785.9 -3.202 2.559 0.001 0.108 0.064
2 164 -3787.099 -3.465 1.888 0.001 0.112 0.062
2 165 -3788.889 -3.42 2.242 0.001 0.103 0.057
2 166 -3782.197 -3.655 2.139 0.001 0.107 0.055
2 167 -3787.868 -3.912 2.753 0.001 0.093 0.045
2 168 -3786.4 -3.131 2.446 0.001 0.103 0.054
2 169 -3789.147 -4.006 2.437 0.001 0.108 0.058
2 170 -3784.245 -3.184 1.787 0.001 0.113 0.063
2 171 -3778.989 -3.68 2.047 0.001 0.099 0.054
2 172 -3780.702 -3.375 2.35 0.001 0.097 0.053
2 173 -3775.273 -3.375 1.984 0.001 0.083 0.063
2 174 -3773.461 -3.311 2.094 0.001 0.113 0.059
2 175 -3772.243 -3.961 2.179 0.001 0.087 0.044
2 176 -3771.873 -3.484 2.191 0.001 0.112 0.057
2 177 -3773.943 -3.605 2.239 0.001 0.096 0.054
2 178 -3765.562 -3.611 2.008 0.001 0.092 0.055
2 179 -3766.224 -3.642 2.239 0.001 0.076 0.056
2 180 -3762.598 -3.433 2.208 0.001 0.09 0.057
2 181 -3757.088 -3.636 1.623 0.001 0.093 0.06
2 182 -3758.158 -3.26 1.796 0.001 0.099 0.063
2 183 -3756.805 -3.42 2.326 0.001 0.097 0.049
2 184 -3755.261 -3.754 1.98 0.001 0.076 0.059
2 185 -3751.564 -3.842 2.044 0.001 0.085 0.049
2 186 -3753.991 -3.978 2.072 0.001 0.102 0.056
2 187 -3752.457 -3.184 1.854 0.001 0.115 0.049
2 188 -3751.541 -3.78 1.984 0.001 0.097 0.059
2 189 -3753.096 -3.301 2.251 0.001 0.093 0.051
2 190 -3747.971 -3.679 2.248 0.001 0.085 0.068
2 191 -3755.296 -3.822 2.003 0.001 0.093 0.055
2 192 -3756.324 -3.186 1.97 0.001 0.1 0.056
2 193 -3752.542 -3.682 2.46 0.001 0.109 0.04
2 194 -3752.256 -3.458 1.643 0.001 0.082 0.048
2 195 -3751.137 -3.614 2.019 0.001 0.082 0.066
2 196 -3749.218 -3.411 1.822 0.001 0.098 0.06
2 197 -3748.689 -3.434 1.496 0.001 0.085 0.06
2 198 -3748.514 -3.452 1.909 0.001 0.097 0.058
2 199 -3754.203 -3.536 2.093 0.001 0.091 0.063
2 200 -3753.206 -3.778 2.133 0.001 0.083 0.043
2 201 -3747.659 -3.088 1.906 0.001 0.082 0.058
2 202 -3751.875 -3.253 2.25 0.001 0.086 0.057
2 203 -3750.714 -3.349 2.594 0.001 0.087 0.07
2 204 -3749.081 -3.614 2.165 0.001 0.09 0.053
2 205 -3748.893 -3.842 2.749 0.001 0.095 0.067
2 206 -3743.437 -3.421 2.898 0.001 0.132 0.048
2 207 -3743.914 -3.261 2.427 0.001 0.112 0.069
2 208 -3740.156 -3.068 2.425 0.001 0.103 0.058
2 209 -3745.106 -3.56 2.082 0.001 0.092 0.051
2 210 -3746.945 -3.467 2.014 0.001 0.095 0.049
2 211 -3749.707 -3.579 1.96 0.001 0.084 0.059
2 212 -3753.507 -3.582 2.055 0.001 0.091 0.062
2 213 -3746.604 -3.231 2.351 0.001 0.096 0.052
2 214 -3744.388 -3.54 1.835 0.001 0.094 0.049
2 215 -3745.388 -3.469 1.93 0.001 0.104 0.052
2 216 -3742.885 -3.906 2.122 0.001 0.108 0.061
2 217 -3743.371 -3.31 1.608 0.001 0.106 0.054
2 218 -3743.98 -3.534 2.09 0.001 0.125 0.066
2 219 -3739.393 -3.876 2.032 0.001 0.081 0.052
2 220 -3744.974 -3.268 1.941 0.001 0.084 0.057
2 221 -3748.284 -3.585 2.223 0.001 0.081 0.051
2 222 -3748.517 -3.448 1.721 0.001 0.082 0.049
2 223 -3742.686 -3.542 2.093 0.001 0.103 0.056
2 224 -3738.096 -2.965 2.254 0.001 0.101 0.064
2 225 -3738.637 -3.553 2.305 0.001 0.111 0.044
2 226 -3737.988 -3.374 2.063 0.001 0.104 0.068
2 227 -3739.453 -3.87 1.938 0.001 0.113 0.073
2 228 -3740.562 -4.006 2.074 0.001 0.08 0.061
2 229 -3740.586 -2.953 1.916 0.001 0.097 0.052
2 230 -3744.727 -3.852 2.325 0.001 0.087 0.052
2 231 -3737.96 -3.419 2.496 0.001 0.091 0.059
2 232 -3732.263 -3.791 2.376 0.001 0.091 0.06
2 233 -3731.44 -3.343 1.984 0.001 0.13 0.064
2 234 -3734.709 -3.961 1.971 0.001 0.099 0.053
2 235 -3736.344 -3.496 1.863 0.001 0.084 0.051
2 236 -3730.657 -3.456 2.123 0.001 0.079 0.047
2 237 -3730.778 -3.422 1.72 0.001 0.068 0.059
2 238 -3732.648 -3.289 2.098 0.001 0.087 0.058
2 239 -3732.369 -3.409 1.765 0.001 0.089 0.048
2 240 -3731.231 -3.459 2.284 0.001 0.089 0.058
2 241 -3731.454 -3.974 2.483 0.001 0.093 0.071
2 242 -3726.058 -3.896 2.214 0.001 0.077 0.051
2 243 -3733.017 -3.68 1.878 0.001 0.088 0.047
2 244 -3729.96 -3.889 2.285 0.001 0.08 0.063
2 245 -3726.371 -3.347 2.434 0.001 0.084 0.05
2 246 -3721.148 -3.461 1.823 0.001 0.117 0.057
2 247 -3723.275 -3.484 2.299 0.001 0.08 0.097
2 248 -3723.259 -3.279 2.27 0.001 0.081 0.056
2 249 -3729.968 -3.255 2.072 0.001 0.084 0.056
2 250 -3728.871 -3.214 1.947 0.001 0.093 0.054
2 251 -3725.967 -3.235 2.313 0.001 0.085 0.051
2 252 -3720.146 -3.075 2.034 0.001 0.076 0.057
2 253 -3725.274 -3.304 1.843 0.001 0.104 0.074
2 254 -3727.128 -3.795 1.879 0.001 0.092 0.048
2 255 -3723.78 -3.914 2.706 0.001 0.095 0.056
2 256 -3717.449 -3.584 2.191 0.001 0.072 0.06
2 257 -3720.97 -3.545 1.985 0.001 0.088 0.043
2 258 -3717.774 -3.519 1.495 0.001 0.108 0.067
2 259 -3717.997 -3.536 1.474 0.001 0.085 0.069
2 260 -3723.112 -3.732 2.132 0.001 0.1 0.061
2 261 -3718.096 -2.498 1.894 0.001 0.083 0.075
2 262 -3710.546 -3.242 2.282 0.001 0.103 0.059
2 263 -3710.182 -3.398 2.282 0.001 0.095 0.071
2 264 -3706.567 -3.427 1.832 0.001 0.087 0.054
2 265 -3709.576 -3.327 2.542 0.001 0.1 0.072
2 266 -3714.652 -3.314 2.113 0.001 0.102 0.061
2 267 -3712.561 -3.488 2.134 0.001 0.082 0.054
2 268 -3705.258 -3.151 2.325 0.001 0.118 0.05
2 269 -3703.109 -3.767 2.151 0.001 0.104 0.054
2 270 -3703.227 -3.417 2.506 0.001 0.076 0.054
2 271 -3705.408 -3.79 2.223 0.001 0.094 0.051
2 272 -3705.369 -3.081 2.543 0.001 0.079 0.054
2 273 -3713.399 -3.605 1.61 0.001 0.122 0.063
2 274 -3710.728 -3.117 2.069 0.001 0.103 0.068
2 275 -3715.431 -3.595 2.462 0.001 0.086 0.053
2 276 -3713.845 -3.781 2.629 0.001 0.106 0.056
2 277 -3705.424 -3.749 1.793 0.001 0.098 0.058
2 278 -3708.663 -3.392 1.902 0.001 0.079 0.063
2 279 -3704.889 -3.647 2.082 0.001 0.084 0.064
2 280 -3702.217 -3.397 2.068 0.001 0.085 0.061
2 281 -3694.094 -3.574 1.92 0.001 0.099 0.049
2 282 -3694.327 -3.193 1.989 0.001 0.103 0.056
2 283 -3697.297 -3.923 2.2 0.001 0.08 0.054
2 284 -3693.256 -3.237 2.449 0.001 0.084 0.074
2 285 -3699.453 -3.438 1.896 0.001 0.101 0.065
2 286 -3693.565 -3.049 2.442 0.001 0.09 0.061
2 287 -3690.325 -3.578 2.496 0.001 0.102 0.053
2 288 -3693.683 -3.853 2.153 0.001 0.083 0.07
2 289 -3694.85 -3.553 2.11 0.001 0.086 0.063
2 290 -3688.328 -3.923 1.874 0.001 0.079 0.062
2 291 -3691.021 -3.236 2.301 0.001 0.08 0.052
2 292 -3688.826 -3.466 1.85 0.001 0.093 0.065
2 293 -3690.595 -3.17 2.02 0.001 0.099 0.056
2 294 -3691.39 -3.728 2.245 0.001 0.09 0.064
2 295 -3688.472 -3.697 2.227 0.001 0.09 0.069
2 296 -3686.631 -3.385 1.492 0.001 0.083 0.052
2 297 -3689.168 -3.913 1.819 0.001 0.1 0.05
2 298 -3685.76 -3.264 1.983 0.001 0.079 0.056
2 299 -3677.513 -3.677 2.334 0.001 0.089 0.057
2 300 -3681.766 -3.443 2.236 0.001 0.093 0.061
2 301 -3678.734 -3.491 1.889 0.001 0.103 0.077
2 302 -3677.047 -3.328 2.351 0.001 0.105 0.059
2 303 -3677.223 -3.315 2.247 0.001 0.108 0.053
2 304 -3678.71 -3.201 1.662 0.001 0.108 0.06
2 305 -3684.407 -3.509 1.808 0.001 0.081 0.072
2 306 -3677.493 -3.397 1.929 0.001 0.091 0.051
2 307 -3678.466 -3.524 2.23 0.001 0.093 0.052
2 308 -3682.699 -3.444 1.529 0.001 0.092 0.069
2 309 -3685.666 -3.452 2.618 0.001 0.104 0.064
2 310 -3682.84 -4.036 2.336 0.001 0.108 0.053
2 311 -3685.748 -3.824 2.062 0.001 0.122 0.059
2 312 -3682.574 -3.632 2.243 0.001 0.094 0.065
2 313 -3672.754 -3.25 2.189 0.001 0.082 0.056
2 314 -3672.347 -3.777 2.316 0.001 0.118 0.059
2 315 -3675.556 -3.287 2.106 0.001 0.091 0.055
2 316 -3680.311 -3.659 1.868 0.001 0.091 0.057
2 317 -3678.536 -3.468 2.292 0.001 0.091 0.068
2 318 -3683.718 -3.433 2.485 0.001 0.072 0.073
2 319 -3678.841 -3.883 2.241 0.001 0.082 0.062
2 320 -3685.9 -3.33 1.853 0.001 0.088 0.064
2 321 -3679.832 -3.806 2.216 0.001 0.087 0.056
2 322 -3673.86 -3.598 2.107 0.001 0.089 0.066
2 323 -3676.536 -3.716 1.82 0.001 0.101 0.054
2 324 -3673.673 -3.653 2.014 0.001 0.115 0.05
2 325 -3671.697 -3.479 2.688 0.001 0.088 0.051
2 326 -3675.255 -3.903 2.237 0.001 0.102 0.056
2 327 -3674.008 -3.438 2.326 0.001 0.1 0.059
2 328 -3672.721 -3.327 2.109 0.001 0.126 0.081
2 329 -3669.611 -3.391 2.122 0.001 0.089 0.072
2 330 -3665.783 -3.349 2.187 0.001 0.11 0.053
2 331 -3668.636 -3.383 1.927 0.001 0.107 0.057
2 332 -3668.816 -3.005 1.961 0.001 0.092 0.052
2 333 -3666.371 -3.4 2.327 0.001 0.102 0.057
2 334 -3668.014 -3.019 2.411 0.001 0.091 0.056
2 335 -3665.922 -3.139 2.744 0.001 0.109 0.051
2 336 -3664.81 -3.427 2.05 0.001 0.111 0.048
2 337 -3662.508 -3.437 1.86 0.001 0.096 0.05
2 338 -3657.91 -3.152 1.819 0.001 0.117 0.071
2 339 -3668.598 -3.349 2.42 0.001 0.075 0.057
2 340 -3668.02 -4.114 1.769 0.001 0.119 0.06
2 341 -3663.267 -3.176 2.361 0.001 0.11 0.079
2 342 -3669.255 -3.895 1.995 0.001 0.113 0.068
2 343 -3671.724 -3.257 2.753 0.001 0.101 0.057
2 344 -3672.332 -3.641 1.743 0.001 0.09 0.065
2 345 -3669.296 -3.236 1.667 0.001 0.114 0.058
2 346 -3659.361 -3.465 2.303 0.001 0.103 0.075
2 347 -3661.189 -3.654 2.535 0.001 0.078 0.058
2 348 -3664.267 -3.23 1.875 0.001 0.102 0.053
2 349 -3657.443 -3.488 1.784 0.001 0.096 0.057
2 350 -3656.712 -3.572 1.689 0.001 0.098 0.058
2 351 -3659.01 -3.466 2.14 0.001 0.109 0.063
2 352 -3658.959 -3.544 2.003 0.001 0.13 0.055
2 353 -3660.101 -3.599 2.242 0.001 0.082 0.054
2 354 -3656.487 -4.014 1.79 0.001 0.11 0.062
2 355 -3655.095 -3.098 2.076 0.001 0.096 0.065
2 356 -3653.011 -4.002 2.156 0.001 0.121 0.046
2 357 -3646.151 -3.86 2.525 0.001 0.102 0.048
2 358 -3648.684 -3.198 1.997 0.001 0.091 0.057
2 359 -3648.234 -3.486 2.071 0.001 0.083 0.057
2 360 -3652.058 -3.353 1.935 0.001 0.094 0.077
2 361 -3649.973 -3.556 1.753 0.001 0.1 0.066
2 362 -3646.66 -3.241 1.801 0.001 0.095 0.05
2 363 -3640.237 -3.484 2.291 0.001 0.096 0.06
2 364 -3646.196 -3.649 2.14 0.001 0.088 0.054
2 365 -3643.688 -3.518 1.921 0.001 0.123 0.057
2 366 -3644.937 -2.934 2.746 0.001 0.131 0.059
2 367 -3639.541 -3.572 2.033 0.001 0.103 0.069
2 368 -3645.856 -3.579 2.086 0.001 0.087 0.065
2 369 -3637.286 -3.785 1.826 0.001 0.125 0.073
2 370 -3637.856 -3.498 2.232 0.001 0.074 0.054
2 371 -3645.279 -3.737 2.137 0.001 0.086 0.053
2 372 -3642.86 -3.439 2.209 0.001 0.104 0.066
2 373 -3640.799 -3.392 1.67 0.001 0.122 0.065
2 374 -3640.305 -3.675 1.8 0.001 0.111 0.061
2 375 -3639.266 -3.37 2.295 0.001 0.104 0.058
2 376 -3637.603 -3.084 2.319 0.001 0.111 0.069
2 377 -3638.851 -3.156 2.105 0.001 0.092 0.05
2 378 -3642.903 -3.594 1.879 0.001 0.109 0.058
2 379 -3637.454 -3.574 1.806 0.001 0.135 0.074
2 380 -3638.976 -3.409 2.142 0.001 0.113 0.06
2 381 -3635.322 -3.824 2.098 0.001 0.116 0.054
2 382 -3635.066 -3.61 1.896 0.001 0.108 0.067
2 383 -3627.903 -3.234 1.913 0.001 0.124 0.06
2 384 -3629.318 -3.348 2.099 0.001 0.121 0.062
2 385 -3626.971 -3.246 2.034 0.001 0.127 0.063
2 386 -3625.851 -3.872 2.866 0.001 0.101 0.058
2 387 -3622.126 -3.558 2.012 0.001 0.109 0.068
2 388 -3633.159 -3.601 2.412 0.001 0.115 0.059
2 389 -3630.289 -3.117 2.086 0.001 0.1 0.059
2 390 -3629.35 -3.731 2.017 0.001 0.132 0.048
2 391 -3630.079 -3.89 2.237 0.001 0.106 0.063
2 392 -3629.09 -3.843 2.308 0.001 0.1 0.061
2 393 -3625.749 -3.585 1.961 0.001 0.089 0.065
2 394 -3629.224 -3.799 2.044 0.001 0.118 0.056
2 395 -3627.172 -3.349 1.963 0.001 0.117 0.06
2 396 -3625.883 -3.745 2.372 0.001 0.098 0.059
2 397 -3621.999 -3.003 2.706 0.001 0.111 0.054
2 398 -3625.094 -3.77 2.152 0.001 0.097 0.06
2 399 -3621.724 -3.504 2.418 0.002 0.108 0.062
2 400 -3626.219 -3.284 1.823 0.002 0.104 0.063
2 401 -3626.285 -3.484 2.215 0.002 0.09 0.064
2 402 -3623.872 -3.549 2.005 0.002 0.093 0.059
2 403 -3622.309 -3.396 2.54 0.002 0.095 0.079
2 404 -3618.413 -3.768 2.015 0.002 0.136 0.076
2 405 -3616.839 -3.709 2.321 0.002 0.114 0.058
2 406 -3614.333 -3.628 1.924 0.002 0.105 0.048
2 407 -3616.672 -3.761 2.483 0.002 0.102 0.054
2 408 -3616.568 -3.754 2.135 0.002 0.106 0.082
2 409 -3616.301 -3.753 2.044 0.002 0.098 0.073
2 410 -3613.207 -4.035 1.921 0.002 0.108 0.07
2 411 -3620.097 -3.604 1.997 0.002 0.102 0.067
2 412 -3617.871 -3.072 2.37 0.002 0.113 0.061
2 413 -3617.476 -3.414 2.546 0.002 0.121 0.082
2 414 -3614.234 -3.672 1.827 0.002 0.102 0.067
2 415 -3610.659 -4.024 2.029 0.002 0.108 0.072
2 416 -3606.356 -3.218 1.933 0.002 0.104 0.056
2 417 -3601.657 -3.716 2.512 0.002 0.103 0.069
2 418 -3594.737 -3.662 1.796 0.002 0.123 0.073
2 419 -3596.906 -3.367 1.621 0.002 0.113 0.062
2 420 -3592.792 -4.148 2.442 0.002 0.124 0.053
2 421 -3597.077 -3.602 2.535 0.002 0.104 0.056
2 422 -3601.321 -3.612 2.371 0.002 0.131 0.067
2 423 -3596.722 -3.348 2.197 0.002 0.11 0.072
2 424 -3603.267 -3.386 2.365 0.002 0.111 0.063
2 425 -3597.167 -3.228 1.889 0.002 0.099 0.074
2 426 -3592.115 -3.592 1.89 0.002 0.108 0.069
2 427 -3590.042 -3.442 1.763 0.002 0.103 0.072
2 428 -3584.334 -3.195 2.281 0.002 0.106 0.077
2 429 -3585.21 -3.563 1.708 0.002 0.124 0.055
2 430 -3586.793 -3.478 2.088 0.002 0.117 0.069
2 431 -3589.243 -3.381 1.938 0.002 0.111 0.065
2 432 -3587.101 -3.962 2.09 0.002 0.117 0.065
2 433 -3586.886 -3.779 1.973 0.002 0.116 0.059
2 434 -3593.038 -3.104 2.179 0.002 0.125 0.081
2 435 -3587.14 -3.427 1.927 0.002 0.106 0.069
2 436 -3584.718 -3.534 2.336 0.002 0.113 0.063
2 437 -3579.254 -3.667 2.036 0.002 0.104 0.059
2 438 -3579.219 -3.764 2.519 0.002 0.113 0.069
2 439 -3592.196 -3.342 2.241 0.002 0.089 0.062
2 440 -3587.821 -3.32 1.677 0.002 0.105 0.081
2 441 -3582.417 -3.202 1.977 0.002 0.135 0.063
2 442 -3578.243 -3.818 2.355 0.002 0.095 0.06
2 443 -3576.542 -2.972 2.394 0.002 0.135 0.072
2 444 -3575.307 -3.307 2.532 0.002 0.139 0.066
2 445 -3573.594 -2.982 2.473 0.002 0.118 0.076
2 446 -3571.112 -3.799 1.997 0.002 0.105 0.082
2 447 -3568.757 -3.767 1.959 0.002 0.124 0.091
2 448 -3572.189 -3.356 1.899 0.002 0.126 0.067
2 449 -3563.922 -3.38 2.145 0.002 0.118 0.072
2 450 -3560.919 -3.331 2.129 0.002 0.135 0.07
2 451 -3566.7 -4.391 1.799 0.002 0.097 0.078
2 452 -3562.7 -3.479 2.457 0.002 0.122 0.082
2 453 -3557.355 -3.794 2.176 0.002 0.118 0.081
2 454 -3549.497 -3.046 2.298 0.002 0.108 0.067
2 455 -3557.79 -3.247 2.152 0.002 0.093 0.079
2 456 -3552.475 -3.614 2.182 0.002 0.098 0.098
2 457 -3552.003 -3.468 2.2 0.002 0.095 0.066
2 458 -3563.146 -3.754 1.835 0.002 0.114 0.077
2 459 -3555.094 -3.198 1.8 0.002 0.101 0.078
2 460 -3561.711 -3.162 2.343 0.002 0.125 0.074
2 461 -3557.874 -3.531 2.002 0.002 0.122 0.074
2 462 -3554.34 -3.658 2.102 0.002 0.151 0.079
2 463 -3556.246 -3.45 2.304 0.002 0.097 0.089
2 464 -3556.214 -3.657 2.089 0.002 0.116 0.064
2 465 -3552.261 -3.137 2.654 0.002 0.117 0.079
2 466 -3555.056 -3.574 1.851 0.002 0.097 0.081
2 467 -3554.099 -3.167 2.211 0.002 0.094 0.079
2 468 -3551.952 -3.548 1.759 0.002 0.135 0.077
2 469 -3554.95 -3.825 1.809 0.002 0.102 0.063
2 470 -3550.5 -3.416 2.089 0.002 0.128 0.083
2 471 -3541.366 -3.713 2.008 0.002 0.105 0.082
2 472 -3539.086 -3.332 2.15 0.002 0.1 0.071
2 473 -3536.816 -3.519 1.981 0.002 0.103 0.099
2 474 -3532.002 -3.144 2.115 0.002 0.094 0.074
2 475 -3536.088 -3.356 2.315 0.002 0.098 0.087
2 476 -3537.529 -3.743 1.965 0.002 0.121 0.093
2 477 -3537.836 -3.601 1.801 0.002 0.121 0.107
2 478 -3536.454 -3.943 2.158 0.002 0.14 0.084
2 479 -3530.451 -3.352 1.971 0.002 0.121 0.072
2 480 -3534.662 -3.773 1.989 0.002 0.116 0.081
2 481 -3530.604 -3.499 2.094 0.002 0.144 0.066
2 482 -3535.348 -3.501 2.702 0.002 0.097 0.071
2 483 -3540.599 -3.461 2.803 0.002 0.135 0.085
2 484 -3528.612 -3.117 2.073 0.002 0.094 0.063
2 485 -3525.82 -3.059 2.064 0.002 0.151 0.091
2 486 -3523.042 -3.797 2.126 0.002 0.126 0.078
2 487 -3519.533 -3.849 2.315 0.002 0.126 0.086
2 488 -3523.611 -3.555 2.1 0.002 0.131 0.09
2 489 -3520.453 -3.312 2.147 0.002 0.116 0.089
2 490 -3511.375 -3.817 2.186 0.002 0.118 0.109
2 491 -3518.491 -3.325 1.971 0.002 0.103 0.094
2 492 -3522.422 -3.152 2.279 0.002 0.127 0.094
2 493 -3520.32 -4.048 1.875 0.002 0.122 0.096
2 494 -3513.821 -3.742 2.042 0.002 0.134 0.114
2 495 -3505.001 -3.556 2.058 0.002 0.149 0.085
2 496 -3506.76 -3.161 1.698 0.002 0.163 0.08
2 497 -3512.241 -3.602 2.307 0.002 0.145 0.112
2 498 -3519.505 -3.552 1.725 0.002 0.14 0.087
2 499 -3509.28 -3.061 2.211 0.002 0.137 0.099
2 500 -3512.427 -3.486 1.919 0.002 0.123 0.092
